[header_bg.jpg]
moddate=a8892dc8bee6cf01
width=964
height=108
text=1;156;36;ministry of constitution and justice;Comic Sans MS;0.347225,0.745043,0.200000,0.000000;v1,0,4294243019,128.000000,1.000000,1.000000,1.000000,400,1,49160;;
textactive=1
